   0.0000000e+00   0.0000000e+00
   2.5000000e-01   0.0000000e+00
   5.0000000e-01   0.0000000e+00
   7.5000000e-01   0.0000000e+00
   1.0000000e+00   0.0000000e+00
   1.2500000e+00   0.0000000e+00
   1.5000000e+00   0.0000000e+00
   1.7500000e+00   0.0000000e+00
   2.0000000e+00   0.0000000e+00
   2.2500000e+00   0.0000000e+00
   2.5000000e+00   0.0000000e+00
   2.7500000e+00   0.0000000e+00
   3.0000000e+00   0.0000000e+00
   3.2500000e+00   0.0000000e+00
   3.5000000e+00   0.0000000e+00
   3.7500000e+00   0.0000000e+00
   4.0000000e+00   0.0000000e+00
   4.2500000e+00   0.0000000e+00
   4.5000000e+00   0.0000000e+00
   4.7500000e+00   0.0000000e+00
   5.0000000e+00   0.0000000e+00
   0.0000000e+00   5.0000000e-01
   2.5000000e-01   5.0000000e-01
   5.0000000e-01   5.0000000e-01
   7.5000000e-01   5.0000000e-01
   1.0000000e+00   5.0000000e-01
   1.2500000e+00   5.0000000e-01
   1.5000000e+00   5.0000000e-01
   1.7500000e+00   5.0000000e-01
   2.0000000e+00   5.0000000e-01
   2.2500000e+00   5.0000000e-01
   2.5000000e+00   5.0000000e-01
   2.7500000e+00   5.0000000e-01
   3.0000000e+00   5.0000000e-01
   3.2500000e+00   5.0000000e-01
   3.5000000e+00   5.0000000e-01
   3.7500000e+00   5.0000000e-01
   4.0000000e+00   5.0000000e-01
   4.2500000e+00   5.0000000e-01
   4.5000000e+00   5.0000000e-01
   4.7500000e+00   5.0000000e-01
   5.0000000e+00   5.0000000e-01
   0.0000000e+00   1.0000000e+00
   2.5000000e-01   1.0000000e+00
   5.0000000e-01   1.0000000e+00
   7.5000000e-01   1.0000000e+00
   1.0000000e+00   1.0000000e+00
   1.2500000e+00   1.0000000e+00
   1.5000000e+00   1.0000000e+00
   1.7500000e+00   1.0000000e+00
   2.0000000e+00   1.0000000e+00
   2.2500000e+00   1.0000000e+00
   2.5000000e+00   1.0000000e+00
   2.7500000e+00   1.0000000e+00
   3.0000000e+00   1.0000000e+00
   3.2500000e+00   1.0000000e+00
   3.5000000e+00   1.0000000e+00
   3.7500000e+00   1.0000000e+00
   4.0000000e+00   1.0000000e+00
   4.2500000e+00   1.0000000e+00
   4.5000000e+00   1.0000000e+00
   4.7500000e+00   1.0000000e+00
   5.0000000e+00   1.0000000e+00
   0.0000000e+00   1.5000000e+00
   2.5000000e-01   1.5000000e+00
   5.0000000e-01   1.5000000e+00
   7.5000000e-01   1.5000000e+00
   1.0000000e+00   1.5000000e+00
   1.2500000e+00   1.5000000e+00
   1.5000000e+00   1.5000000e+00
   1.7500000e+00   1.5000000e+00
   2.0000000e+00   1.5000000e+00
   2.2500000e+00   1.5000000e+00
   2.5000000e+00   1.5000000e+00
   2.7500000e+00   1.5000000e+00
   3.0000000e+00   1.5000000e+00
   3.2500000e+00   1.5000000e+00
   3.5000000e+00   1.5000000e+00
   3.7500000e+00   1.5000000e+00
   4.0000000e+00   1.5000000e+00
   4.2500000e+00   1.5000000e+00
   4.5000000e+00   1.5000000e+00
   4.7500000e+00   1.5000000e+00
   5.0000000e+00   1.5000000e+00
   0.0000000e+00   2.0000000e+00
   2.5000000e-01   2.0000000e+00
   5.0000000e-01   2.0000000e+00
   7.5000000e-01   2.0000000e+00
   1.0000000e+00   2.0000000e+00
   1.2500000e+00   2.0000000e+00
   1.5000000e+00   2.0000000e+00
   1.7500000e+00   2.0000000e+00
   2.0000000e+00   2.0000000e+00
   2.2500000e+00   2.0000000e+00
   2.5000000e+00   2.0000000e+00
   2.7500000e+00   2.0000000e+00
   3.0000000e+00   2.0000000e+00
   3.2500000e+00   2.0000000e+00
   3.5000000e+00   2.0000000e+00
   3.7500000e+00   2.0000000e+00
   4.0000000e+00   2.0000000e+00
   4.2500000e+00   2.0000000e+00
   4.5000000e+00   2.0000000e+00
   4.7500000e+00   2.0000000e+00
   5.0000000e+00   2.0000000e+00
   0.0000000e+00   2.5000000e+00
   2.5000000e-01   2.5000000e+00
   5.0000000e-01   2.5000000e+00
   7.5000000e-01   2.5000000e+00
   1.0000000e+00   2.5000000e+00
   1.2500000e+00   2.5000000e+00
   1.5000000e+00   2.5000000e+00
   1.7500000e+00   2.5000000e+00
   2.0000000e+00   2.5000000e+00
   2.2500000e+00   2.5000000e+00
   2.5000000e+00   2.5000000e+00
   2.7500000e+00   2.5000000e+00
   3.0000000e+00   2.5000000e+00
   3.2500000e+00   2.5000000e+00
   3.5000000e+00   2.5000000e+00
   3.7500000e+00   2.5000000e+00
   4.0000000e+00   2.5000000e+00
   4.2500000e+00   2.5000000e+00
   4.5000000e+00   2.5000000e+00
   4.7500000e+00   2.5000000e+00
   5.0000000e+00   2.5000000e+00
   0.0000000e+00   3.0000000e+00
   2.5000000e-01   3.0000000e+00
   5.0000000e-01   3.0000000e+00
   7.5000000e-01   3.0000000e+00
   1.0000000e+00   3.0000000e+00
   1.2500000e+00   3.0000000e+00
   1.5000000e+00   3.0000000e+00
   1.7500000e+00   3.0000000e+00
   2.0000000e+00   3.0000000e+00
   2.2500000e+00   3.0000000e+00
   2.5000000e+00   3.0000000e+00
   2.7500000e+00   3.0000000e+00
   3.0000000e+00   3.0000000e+00
   3.2500000e+00   3.0000000e+00
   3.5000000e+00   3.0000000e+00
   3.7500000e+00   3.0000000e+00
   4.0000000e+00   3.0000000e+00
   4.2500000e+00   3.0000000e+00
   4.5000000e+00   3.0000000e+00
   4.7500000e+00   3.0000000e+00
   5.0000000e+00   3.0000000e+00
   0.0000000e+00   3.5000000e+00
   2.5000000e-01   3.5000000e+00
   5.0000000e-01   3.5000000e+00
   7.5000000e-01   3.5000000e+00
   1.0000000e+00   3.5000000e+00
   1.2500000e+00   3.5000000e+00
   1.5000000e+00   3.5000000e+00
   1.7500000e+00   3.5000000e+00
   2.0000000e+00   3.5000000e+00
   2.2500000e+00   3.5000000e+00
   2.5000000e+00   3.5000000e+00
   2.7500000e+00   3.5000000e+00
   3.0000000e+00   3.5000000e+00
   3.2500000e+00   3.5000000e+00
   3.5000000e+00   3.5000000e+00
   3.7500000e+00   3.5000000e+00
   4.0000000e+00   3.5000000e+00
   4.2500000e+00   3.5000000e+00
   4.5000000e+00   3.5000000e+00
   4.7500000e+00   3.5000000e+00
   5.0000000e+00   3.5000000e+00
   0.0000000e+00   4.0000000e+00
   2.5000000e-01   4.0000000e+00
   5.0000000e-01   4.0000000e+00
   7.5000000e-01   4.0000000e+00
   1.0000000e+00   4.0000000e+00
   1.2500000e+00   4.0000000e+00
   1.5000000e+00   4.0000000e+00
   1.7500000e+00   4.0000000e+00
   2.0000000e+00   4.0000000e+00
   2.2500000e+00   4.0000000e+00
   2.5000000e+00   4.0000000e+00
   2.7500000e+00   4.0000000e+00
   3.0000000e+00   4.0000000e+00
   3.2500000e+00   4.0000000e+00
   3.5000000e+00   4.0000000e+00
   3.7500000e+00   4.0000000e+00
   4.0000000e+00   4.0000000e+00
   4.2500000e+00   4.0000000e+00
   4.5000000e+00   4.0000000e+00
   4.7500000e+00   4.0000000e+00
   5.0000000e+00   4.0000000e+00
   0.0000000e+00   4.5000000e+00
   2.5000000e-01   4.5000000e+00
   5.0000000e-01   4.5000000e+00
   7.5000000e-01   4.5000000e+00
   1.0000000e+00   4.5000000e+00
   1.2500000e+00   4.5000000e+00
   1.5000000e+00   4.5000000e+00
   1.7500000e+00   4.5000000e+00
   2.0000000e+00   4.5000000e+00
   2.2500000e+00   4.5000000e+00
   2.5000000e+00   4.5000000e+00
   2.7500000e+00   4.5000000e+00
   3.0000000e+00   4.5000000e+00
   3.2500000e+00   4.5000000e+00
   3.5000000e+00   4.5000000e+00
   3.7500000e+00   4.5000000e+00
   4.0000000e+00   4.5000000e+00
   4.2500000e+00   4.5000000e+00
   4.5000000e+00   4.5000000e+00
   4.7500000e+00   4.5000000e+00
   5.0000000e+00   4.5000000e+00
   0.0000000e+00   5.0000000e+00
   2.5000000e-01   5.0000000e+00
   5.0000000e-01   5.0000000e+00
   7.5000000e-01   5.0000000e+00
   1.0000000e+00   5.0000000e+00
   1.2500000e+00   5.0000000e+00
   1.5000000e+00   5.0000000e+00
   1.7500000e+00   5.0000000e+00
   2.0000000e+00   5.0000000e+00
   2.2500000e+00   5.0000000e+00
   2.5000000e+00   5.0000000e+00
   2.7500000e+00   5.0000000e+00
   3.0000000e+00   5.0000000e+00
   3.2500000e+00   5.0000000e+00
   3.5000000e+00   5.0000000e+00
   3.7500000e+00   5.0000000e+00
   4.0000000e+00   5.0000000e+00
   4.2500000e+00   5.0000000e+00
   4.5000000e+00   5.0000000e+00
   4.7500000e+00   5.0000000e+00
   5.0000000e+00   5.0000000e+00
   0.0000000e+00   5.5000000e+00
   2.5000000e-01   5.5000000e+00
   5.0000000e-01   5.5000000e+00
   7.5000000e-01   5.5000000e+00
   1.0000000e+00   5.5000000e+00
   1.2500000e+00   5.5000000e+00
   1.5000000e+00   5.5000000e+00
   1.7500000e+00   5.5000000e+00
   2.0000000e+00   5.5000000e+00
   2.2500000e+00   5.5000000e+00
   2.5000000e+00   5.5000000e+00
   2.7500000e+00   5.5000000e+00
   3.0000000e+00   5.5000000e+00
   3.2500000e+00   5.5000000e+00
   3.5000000e+00   5.5000000e+00
   3.7500000e+00   5.5000000e+00
   4.0000000e+00   5.5000000e+00
   4.2500000e+00   5.5000000e+00
   4.5000000e+00   5.5000000e+00
   4.7500000e+00   5.5000000e+00
   5.0000000e+00   5.5000000e+00
   0.0000000e+00   6.0000000e+00
   2.5000000e-01   6.0000000e+00
   5.0000000e-01   6.0000000e+00
   7.5000000e-01   6.0000000e+00
   1.0000000e+00   6.0000000e+00
   1.2500000e+00   6.0000000e+00
   1.5000000e+00   6.0000000e+00
   1.7500000e+00   6.0000000e+00
   2.0000000e+00   6.0000000e+00
   2.2500000e+00   6.0000000e+00
   2.5000000e+00   6.0000000e+00
   2.7500000e+00   6.0000000e+00
   3.0000000e+00   6.0000000e+00
   3.2500000e+00   6.0000000e+00
   3.5000000e+00   6.0000000e+00
   3.7500000e+00   6.0000000e+00
   4.0000000e+00   6.0000000e+00
   4.2500000e+00   6.0000000e+00
   4.5000000e+00   6.0000000e+00
   4.7500000e+00   6.0000000e+00
   5.0000000e+00   6.0000000e+00
   0.0000000e+00   6.5000000e+00
   2.5000000e-01   6.5000000e+00
   5.0000000e-01   6.5000000e+00
   7.5000000e-01   6.5000000e+00
   1.0000000e+00   6.5000000e+00
   1.2500000e+00   6.5000000e+00
   1.5000000e+00   6.5000000e+00
   1.7500000e+00   6.5000000e+00
   2.0000000e+00   6.5000000e+00
   2.2500000e+00   6.5000000e+00
   2.5000000e+00   6.5000000e+00
   2.7500000e+00   6.5000000e+00
   3.0000000e+00   6.5000000e+00
   3.2500000e+00   6.5000000e+00
   3.5000000e+00   6.5000000e+00
   3.7500000e+00   6.5000000e+00
   4.0000000e+00   6.5000000e+00
   4.2500000e+00   6.5000000e+00
   4.5000000e+00   6.5000000e+00
   4.7500000e+00   6.5000000e+00
   5.0000000e+00   6.5000000e+00
   0.0000000e+00   7.0000000e+00
   2.5000000e-01   7.0000000e+00
   5.0000000e-01   7.0000000e+00
   7.5000000e-01   7.0000000e+00
   1.0000000e+00   7.0000000e+00
   1.2500000e+00   7.0000000e+00
   1.5000000e+00   7.0000000e+00
   1.7500000e+00   7.0000000e+00
   2.0000000e+00   7.0000000e+00
   2.2500000e+00   7.0000000e+00
   2.5000000e+00   7.0000000e+00
   2.7500000e+00   7.0000000e+00
   3.0000000e+00   7.0000000e+00
   3.2500000e+00   7.0000000e+00
   3.5000000e+00   7.0000000e+00
   3.7500000e+00   7.0000000e+00
   4.0000000e+00   7.0000000e+00
   4.2500000e+00   7.0000000e+00
   4.5000000e+00   7.0000000e+00
   4.7500000e+00   7.0000000e+00
   5.0000000e+00   7.0000000e+00
   0.0000000e+00   7.5000000e+00
   2.5000000e-01   7.5000000e+00
   5.0000000e-01   7.5000000e+00
   7.5000000e-01   7.5000000e+00
   1.0000000e+00   7.5000000e+00
   1.2500000e+00   7.5000000e+00
   1.5000000e+00   7.5000000e+00
   1.7500000e+00   7.5000000e+00
   2.0000000e+00   7.5000000e+00
   2.2500000e+00   7.5000000e+00
   2.5000000e+00   7.5000000e+00
   2.7500000e+00   7.5000000e+00
   3.0000000e+00   7.5000000e+00
   3.2500000e+00   7.5000000e+00
   3.5000000e+00   7.5000000e+00
   3.7500000e+00   7.5000000e+00
   4.0000000e+00   7.5000000e+00
   4.2500000e+00   7.5000000e+00
   4.5000000e+00   7.5000000e+00
   4.7500000e+00   7.5000000e+00
   5.0000000e+00   7.5000000e+00
   0.0000000e+00   8.0000000e+00
   2.5000000e-01   8.0000000e+00
   5.0000000e-01   8.0000000e+00
   7.5000000e-01   8.0000000e+00
   1.0000000e+00   8.0000000e+00
   1.2500000e+00   8.0000000e+00
   1.5000000e+00   8.0000000e+00
   1.7500000e+00   8.0000000e+00
   2.0000000e+00   8.0000000e+00
   2.2500000e+00   8.0000000e+00
   2.5000000e+00   8.0000000e+00
   2.7500000e+00   8.0000000e+00
   3.0000000e+00   8.0000000e+00
   3.2500000e+00   8.0000000e+00
   3.5000000e+00   8.0000000e+00
   3.7500000e+00   8.0000000e+00
   4.0000000e+00   8.0000000e+00
   4.2500000e+00   8.0000000e+00
   4.5000000e+00   8.0000000e+00
   4.7500000e+00   8.0000000e+00
   5.0000000e+00   8.0000000e+00
   0.0000000e+00   8.5000000e+00
   2.5000000e-01   8.5000000e+00
   5.0000000e-01   8.5000000e+00
   7.5000000e-01   8.5000000e+00
   1.0000000e+00   8.5000000e+00
   1.2500000e+00   8.5000000e+00
   1.5000000e+00   8.5000000e+00
   1.7500000e+00   8.5000000e+00
   2.0000000e+00   8.5000000e+00
   2.2500000e+00   8.5000000e+00
   2.5000000e+00   8.5000000e+00
   2.7500000e+00   8.5000000e+00
   3.0000000e+00   8.5000000e+00
   3.2500000e+00   8.5000000e+00
   3.5000000e+00   8.5000000e+00
   3.7500000e+00   8.5000000e+00
   4.0000000e+00   8.5000000e+00
   4.2500000e+00   8.5000000e+00
   4.5000000e+00   8.5000000e+00
   4.7500000e+00   8.5000000e+00
   5.0000000e+00   8.5000000e+00
   0.0000000e+00   9.0000000e+00
   2.5000000e-01   9.0000000e+00
   5.0000000e-01   9.0000000e+00
   7.5000000e-01   9.0000000e+00
   1.0000000e+00   9.0000000e+00
   1.2500000e+00   9.0000000e+00
   1.5000000e+00   9.0000000e+00
   1.7500000e+00   9.0000000e+00
   2.0000000e+00   9.0000000e+00
   2.2500000e+00   9.0000000e+00
   2.5000000e+00   9.0000000e+00
   2.7500000e+00   9.0000000e+00
   3.0000000e+00   9.0000000e+00
   3.2500000e+00   9.0000000e+00
   3.5000000e+00   9.0000000e+00
   3.7500000e+00   9.0000000e+00
   4.0000000e+00   9.0000000e+00
   4.2500000e+00   9.0000000e+00
   4.5000000e+00   9.0000000e+00
   4.7500000e+00   9.0000000e+00
   5.0000000e+00   9.0000000e+00
   0.0000000e+00   9.5000000e+00
   2.5000000e-01   9.5000000e+00
   5.0000000e-01   9.5000000e+00
   7.5000000e-01   9.5000000e+00
   1.0000000e+00   9.5000000e+00
   1.2500000e+00   9.5000000e+00
   1.5000000e+00   9.5000000e+00
   1.7500000e+00   9.5000000e+00
   2.0000000e+00   9.5000000e+00
   2.2500000e+00   9.5000000e+00
   2.5000000e+00   9.5000000e+00
   2.7500000e+00   9.5000000e+00
   3.0000000e+00   9.5000000e+00
   3.2500000e+00   9.5000000e+00
   3.5000000e+00   9.5000000e+00
   3.7500000e+00   9.5000000e+00
   4.0000000e+00   9.5000000e+00
   4.2500000e+00   9.5000000e+00
   4.5000000e+00   9.5000000e+00
   4.7500000e+00   9.5000000e+00
   5.0000000e+00   9.5000000e+00
   0.0000000e+00   1.0000000e+01
   2.5000000e-01   1.0000000e+01
   5.0000000e-01   1.0000000e+01
   7.5000000e-01   1.0000000e+01
   1.0000000e+00   1.0000000e+01
   1.2500000e+00   1.0000000e+01
   1.5000000e+00   1.0000000e+01
   1.7500000e+00   1.0000000e+01
   2.0000000e+00   1.0000000e+01
   2.2500000e+00   1.0000000e+01
   2.5000000e+00   1.0000000e+01
   2.7500000e+00   1.0000000e+01
   3.0000000e+00   1.0000000e+01
   3.2500000e+00   1.0000000e+01
   3.5000000e+00   1.0000000e+01
   3.7500000e+00   1.0000000e+01
   4.0000000e+00   1.0000000e+01
   4.2500000e+00   1.0000000e+01
   4.5000000e+00   1.0000000e+01
   4.7500000e+00   1.0000000e+01
   5.0000000e+00   1.0000000e+01
   0.0000000e+00   1.0500000e+01
   2.5000000e-01   1.0500000e+01
   5.0000000e-01   1.0500000e+01
   7.5000000e-01   1.0500000e+01
   1.0000000e+00   1.0500000e+01
   1.2500000e+00   1.0500000e+01
   1.5000000e+00   1.0500000e+01
   1.7500000e+00   1.0500000e+01
   2.0000000e+00   1.0500000e+01
   2.2500000e+00   1.0500000e+01
   2.5000000e+00   1.0500000e+01
   2.7500000e+00   1.0500000e+01
   3.0000000e+00   1.0500000e+01
   3.2500000e+00   1.0500000e+01
   3.5000000e+00   1.0500000e+01
   3.7500000e+00   1.0500000e+01
   4.0000000e+00   1.0500000e+01
   4.2500000e+00   1.0500000e+01
   4.5000000e+00   1.0500000e+01
   4.7500000e+00   1.0500000e+01
   5.0000000e+00   1.0500000e+01
   0.0000000e+00   1.1000000e+01
   2.5000000e-01   1.1000000e+01
   5.0000000e-01   1.1000000e+01
   7.5000000e-01   1.1000000e+01
   1.0000000e+00   1.1000000e+01
   1.2500000e+00   1.1000000e+01
   1.5000000e+00   1.1000000e+01
   1.7500000e+00   1.1000000e+01
   2.0000000e+00   1.1000000e+01
   2.2500000e+00   1.1000000e+01
   2.5000000e+00   1.1000000e+01
   2.7500000e+00   1.1000000e+01
   3.0000000e+00   1.1000000e+01
   3.2500000e+00   1.1000000e+01
   3.5000000e+00   1.1000000e+01
   3.7500000e+00   1.1000000e+01
   4.0000000e+00   1.1000000e+01
   4.2500000e+00   1.1000000e+01
   4.5000000e+00   1.1000000e+01
   4.7500000e+00   1.1000000e+01
   5.0000000e+00   1.1000000e+01
   0.0000000e+00   1.1500000e+01
   2.5000000e-01   1.1500000e+01
   5.0000000e-01   1.1500000e+01
   7.5000000e-01   1.1500000e+01
   1.0000000e+00   1.1500000e+01
   1.2500000e+00   1.1500000e+01
   1.5000000e+00   1.1500000e+01
   1.7500000e+00   1.1500000e+01
   2.0000000e+00   1.1500000e+01
   2.2500000e+00   1.1500000e+01
   2.5000000e+00   1.1500000e+01
   2.7500000e+00   1.1500000e+01
   3.0000000e+00   1.1500000e+01
   3.2500000e+00   1.1500000e+01
   3.5000000e+00   1.1500000e+01
   3.7500000e+00   1.1500000e+01
   4.0000000e+00   1.1500000e+01
   4.2500000e+00   1.1500000e+01
   4.5000000e+00   1.1500000e+01
   4.7500000e+00   1.1500000e+01
   5.0000000e+00   1.1500000e+01
   0.0000000e+00   1.2000000e+01
   2.5000000e-01   1.2000000e+01
   5.0000000e-01   1.2000000e+01
   7.5000000e-01   1.2000000e+01
   1.0000000e+00   1.2000000e+01
   1.2500000e+00   1.2000000e+01
   1.5000000e+00   1.2000000e+01
   1.7500000e+00   1.2000000e+01
   2.0000000e+00   1.2000000e+01
   2.2500000e+00   1.2000000e+01
   2.5000000e+00   1.2000000e+01
   2.7500000e+00   1.2000000e+01
   3.0000000e+00   1.2000000e+01
   3.2500000e+00   1.2000000e+01
   3.5000000e+00   1.2000000e+01
   3.7500000e+00   1.2000000e+01
   4.0000000e+00   1.2000000e+01
   4.2500000e+00   1.2000000e+01
   4.5000000e+00   1.2000000e+01
   4.7500000e+00   1.2000000e+01
   5.0000000e+00   1.2000000e+01
   0.0000000e+00   1.2500000e+01
   2.5000000e-01   1.2500000e+01
   5.0000000e-01   1.2500000e+01
   7.5000000e-01   1.2500000e+01
   1.0000000e+00   1.2500000e+01
   1.2500000e+00   1.2500000e+01
   1.5000000e+00   1.2500000e+01
   1.7500000e+00   1.2500000e+01
   2.0000000e+00   1.2500000e+01
   2.2500000e+00   1.2500000e+01
   2.5000000e+00   1.2500000e+01
   2.7500000e+00   1.2500000e+01
   3.0000000e+00   1.2500000e+01
   3.2500000e+00   1.2500000e+01
   3.5000000e+00   1.2500000e+01
   3.7500000e+00   1.2500000e+01
   4.0000000e+00   1.2500000e+01
   4.2500000e+00   1.2500000e+01
   4.5000000e+00   1.2500000e+01
   4.7500000e+00   1.2500000e+01
   5.0000000e+00   1.2500000e+01
   0.0000000e+00   1.3000000e+01
   2.5000000e-01   1.3000000e+01
   5.0000000e-01   1.3000000e+01
   7.5000000e-01   1.3000000e+01
   1.0000000e+00   1.3000000e+01
   1.2500000e+00   1.3000000e+01
   1.5000000e+00   1.3000000e+01
   1.7500000e+00   1.3000000e+01
   2.0000000e+00   1.3000000e+01
   2.2500000e+00   1.3000000e+01
   2.5000000e+00   1.3000000e+01
   2.7500000e+00   1.3000000e+01
   3.0000000e+00   1.3000000e+01
   3.2500000e+00   1.3000000e+01
   3.5000000e+00   1.3000000e+01
   3.7500000e+00   1.3000000e+01
   4.0000000e+00   1.3000000e+01
   4.2500000e+00   1.3000000e+01
   4.5000000e+00   1.3000000e+01
   4.7500000e+00   1.3000000e+01
   5.0000000e+00   1.3000000e+01
   0.0000000e+00   1.3500000e+01
   2.5000000e-01   1.3500000e+01
   5.0000000e-01   1.3500000e+01
   7.5000000e-01   1.3500000e+01
   1.0000000e+00   1.3500000e+01
   1.2500000e+00   1.3500000e+01
   1.5000000e+00   1.3500000e+01
   1.7500000e+00   1.3500000e+01
   2.0000000e+00   1.3500000e+01
   2.2500000e+00   1.3500000e+01
   2.5000000e+00   1.3500000e+01
   2.7500000e+00   1.3500000e+01
   3.0000000e+00   1.3500000e+01
   3.2500000e+00   1.3500000e+01
   3.5000000e+00   1.3500000e+01
   3.7500000e+00   1.3500000e+01
   4.0000000e+00   1.3500000e+01
   4.2500000e+00   1.3500000e+01
   4.5000000e+00   1.3500000e+01
   4.7500000e+00   1.3500000e+01
   5.0000000e+00   1.3500000e+01
   0.0000000e+00   1.4000000e+01
   2.5000000e-01   1.4000000e+01
   5.0000000e-01   1.4000000e+01
   7.5000000e-01   1.4000000e+01
   1.0000000e+00   1.4000000e+01
   1.2500000e+00   1.4000000e+01
   1.5000000e+00   1.4000000e+01
   1.7500000e+00   1.4000000e+01
   2.0000000e+00   1.4000000e+01
   2.2500000e+00   1.4000000e+01
   2.5000000e+00   1.4000000e+01
   2.7500000e+00   1.4000000e+01
   3.0000000e+00   1.4000000e+01
   3.2500000e+00   1.4000000e+01
   3.5000000e+00   1.4000000e+01
   3.7500000e+00   1.4000000e+01
   4.0000000e+00   1.4000000e+01
   4.2500000e+00   1.4000000e+01
   4.5000000e+00   1.4000000e+01
   4.7500000e+00   1.4000000e+01
   5.0000000e+00   1.4000000e+01
   0.0000000e+00   1.4500000e+01
   2.5000000e-01   1.4500000e+01
   5.0000000e-01   1.4500000e+01
   7.5000000e-01   1.4500000e+01
   1.0000000e+00   1.4500000e+01
   1.2500000e+00   1.4500000e+01
   1.5000000e+00   1.4500000e+01
   1.7500000e+00   1.4500000e+01
   2.0000000e+00   1.4500000e+01
   2.2500000e+00   1.4500000e+01
   2.5000000e+00   1.4500000e+01
   2.7500000e+00   1.4500000e+01
   3.0000000e+00   1.4500000e+01
   3.2500000e+00   1.4500000e+01
   3.5000000e+00   1.4500000e+01
   3.7500000e+00   1.4500000e+01
   4.0000000e+00   1.4500000e+01
   4.2500000e+00   1.4500000e+01
   4.5000000e+00   1.4500000e+01
   4.7500000e+00   1.4500000e+01
   5.0000000e+00   1.4500000e+01
   0.0000000e+00   1.5000000e+01
   2.5000000e-01   1.5000000e+01
   5.0000000e-01   1.5000000e+01
   7.5000000e-01   1.5000000e+01
   1.0000000e+00   1.5000000e+01
   1.2500000e+00   1.5000000e+01
   1.5000000e+00   1.5000000e+01
   1.7500000e+00   1.5000000e+01
   2.0000000e+00   1.5000000e+01
   2.2500000e+00   1.5000000e+01
   2.5000000e+00   1.5000000e+01
   2.7500000e+00   1.5000000e+01
   3.0000000e+00   1.5000000e+01
   3.2500000e+00   1.5000000e+01
   3.5000000e+00   1.5000000e+01
   3.7500000e+00   1.5000000e+01
   4.0000000e+00   1.5000000e+01
   4.2500000e+00   1.5000000e+01
   4.5000000e+00   1.5000000e+01
   4.7500000e+00   1.5000000e+01
   5.0000000e+00   1.5000000e+01
   0.0000000e+00   1.5500000e+01
   2.5000000e-01   1.5500000e+01
   5.0000000e-01   1.5500000e+01
   7.5000000e-01   1.5500000e+01
   1.0000000e+00   1.5500000e+01
   1.2500000e+00   1.5500000e+01
   1.5000000e+00   1.5500000e+01
   1.7500000e+00   1.5500000e+01
   2.0000000e+00   1.5500000e+01
   2.2500000e+00   1.5500000e+01
   2.5000000e+00   1.5500000e+01
   2.7500000e+00   1.5500000e+01
   3.0000000e+00   1.5500000e+01
   3.2500000e+00   1.5500000e+01
   3.5000000e+00   1.5500000e+01
   3.7500000e+00   1.5500000e+01
   4.0000000e+00   1.5500000e+01
   4.2500000e+00   1.5500000e+01
   4.5000000e+00   1.5500000e+01
   4.7500000e+00   1.5500000e+01
   5.0000000e+00   1.5500000e+01
   0.0000000e+00   1.6000000e+01
   2.5000000e-01   1.6000000e+01
   5.0000000e-01   1.6000000e+01
   7.5000000e-01   1.6000000e+01
   1.0000000e+00   1.6000000e+01
   1.2500000e+00   1.6000000e+01
   1.5000000e+00   1.6000000e+01
   1.7500000e+00   1.6000000e+01
   2.0000000e+00   1.6000000e+01
   2.2500000e+00   1.6000000e+01
   2.5000000e+00   1.6000000e+01
   2.7500000e+00   1.6000000e+01
   3.0000000e+00   1.6000000e+01
   3.2500000e+00   1.6000000e+01
   3.5000000e+00   1.6000000e+01
   3.7500000e+00   1.6000000e+01
   4.0000000e+00   1.6000000e+01
   4.2500000e+00   1.6000000e+01
   4.5000000e+00   1.6000000e+01
   4.7500000e+00   1.6000000e+01
   5.0000000e+00   1.6000000e+01
   0.0000000e+00   1.6500000e+01
   2.5000000e-01   1.6500000e+01
   5.0000000e-01   1.6500000e+01
   7.5000000e-01   1.6500000e+01
   1.0000000e+00   1.6500000e+01
   1.2500000e+00   1.6500000e+01
   1.5000000e+00   1.6500000e+01
   1.7500000e+00   1.6500000e+01
   2.0000000e+00   1.6500000e+01
   2.2500000e+00   1.6500000e+01
   2.5000000e+00   1.6500000e+01
   2.7500000e+00   1.6500000e+01
   3.0000000e+00   1.6500000e+01
   3.2500000e+00   1.6500000e+01
   3.5000000e+00   1.6500000e+01
   3.7500000e+00   1.6500000e+01
   4.0000000e+00   1.6500000e+01
   4.2500000e+00   1.6500000e+01
   4.5000000e+00   1.6500000e+01
   4.7500000e+00   1.6500000e+01
   5.0000000e+00   1.6500000e+01
   0.0000000e+00   1.7000000e+01
   2.5000000e-01   1.7000000e+01
   5.0000000e-01   1.7000000e+01
   7.5000000e-01   1.7000000e+01
   1.0000000e+00   1.7000000e+01
   1.2500000e+00   1.7000000e+01
   1.5000000e+00   1.7000000e+01
   1.7500000e+00   1.7000000e+01
   2.0000000e+00   1.7000000e+01
   2.2500000e+00   1.7000000e+01
   2.5000000e+00   1.7000000e+01
   2.7500000e+00   1.7000000e+01
   3.0000000e+00   1.7000000e+01
   3.2500000e+00   1.7000000e+01
   3.5000000e+00   1.7000000e+01
   3.7500000e+00   1.7000000e+01
   4.0000000e+00   1.7000000e+01
   4.2500000e+00   1.7000000e+01
   4.5000000e+00   1.7000000e+01
   4.7500000e+00   1.7000000e+01
   5.0000000e+00   1.7000000e+01
   0.0000000e+00   1.7500000e+01
   2.5000000e-01   1.7500000e+01
   5.0000000e-01   1.7500000e+01
   7.5000000e-01   1.7500000e+01
   1.0000000e+00   1.7500000e+01
   1.2500000e+00   1.7500000e+01
   1.5000000e+00   1.7500000e+01
   1.7500000e+00   1.7500000e+01
   2.0000000e+00   1.7500000e+01
   2.2500000e+00   1.7500000e+01
   2.5000000e+00   1.7500000e+01
   2.7500000e+00   1.7500000e+01
   3.0000000e+00   1.7500000e+01
   3.2500000e+00   1.7500000e+01
   3.5000000e+00   1.7500000e+01
   3.7500000e+00   1.7500000e+01
   4.0000000e+00   1.7500000e+01
   4.2500000e+00   1.7500000e+01
   4.5000000e+00   1.7500000e+01
   4.7500000e+00   1.7500000e+01
   5.0000000e+00   1.7500000e+01
   0.0000000e+00   1.8000000e+01
   2.5000000e-01   1.8000000e+01
   5.0000000e-01   1.8000000e+01
   7.5000000e-01   1.8000000e+01
   1.0000000e+00   1.8000000e+01
   1.2500000e+00   1.8000000e+01
   1.5000000e+00   1.8000000e+01
   1.7500000e+00   1.8000000e+01
   2.0000000e+00   1.8000000e+01
   2.2500000e+00   1.8000000e+01
   2.5000000e+00   1.8000000e+01
   2.7500000e+00   1.8000000e+01
   3.0000000e+00   1.8000000e+01
   3.2500000e+00   1.8000000e+01
   3.5000000e+00   1.8000000e+01
   3.7500000e+00   1.8000000e+01
   4.0000000e+00   1.8000000e+01
   4.2500000e+00   1.8000000e+01
   4.5000000e+00   1.8000000e+01
   4.7500000e+00   1.8000000e+01
   5.0000000e+00   1.8000000e+01
   0.0000000e+00   1.8500000e+01
   2.5000000e-01   1.8500000e+01
   5.0000000e-01   1.8500000e+01
   7.5000000e-01   1.8500000e+01
   1.0000000e+00   1.8500000e+01
   1.2500000e+00   1.8500000e+01
   1.5000000e+00   1.8500000e+01
   1.7500000e+00   1.8500000e+01
   2.0000000e+00   1.8500000e+01
   2.2500000e+00   1.8500000e+01
   2.5000000e+00   1.8500000e+01
   2.7500000e+00   1.8500000e+01
   3.0000000e+00   1.8500000e+01
   3.2500000e+00   1.8500000e+01
   3.5000000e+00   1.8500000e+01
   3.7500000e+00   1.8500000e+01
   4.0000000e+00   1.8500000e+01
   4.2500000e+00   1.8500000e+01
   4.5000000e+00   1.8500000e+01
   4.7500000e+00   1.8500000e+01
   5.0000000e+00   1.8500000e+01
   0.0000000e+00   1.9000000e+01
   2.5000000e-01   1.9000000e+01
   5.0000000e-01   1.9000000e+01
   7.5000000e-01   1.9000000e+01
   1.0000000e+00   1.9000000e+01
   1.2500000e+00   1.9000000e+01
   1.5000000e+00   1.9000000e+01
   1.7500000e+00   1.9000000e+01
   2.0000000e+00   1.9000000e+01
   2.2500000e+00   1.9000000e+01
   2.5000000e+00   1.9000000e+01
   2.7500000e+00   1.9000000e+01
   3.0000000e+00   1.9000000e+01
   3.2500000e+00   1.9000000e+01
   3.5000000e+00   1.9000000e+01
   3.7500000e+00   1.9000000e+01
   4.0000000e+00   1.9000000e+01
   4.2500000e+00   1.9000000e+01
   4.5000000e+00   1.9000000e+01
   4.7500000e+00   1.9000000e+01
   5.0000000e+00   1.9000000e+01
   0.0000000e+00   1.9500000e+01
   2.5000000e-01   1.9500000e+01
   5.0000000e-01   1.9500000e+01
   7.5000000e-01   1.9500000e+01
   1.0000000e+00   1.9500000e+01
   1.2500000e+00   1.9500000e+01
   1.5000000e+00   1.9500000e+01
   1.7500000e+00   1.9500000e+01
   2.0000000e+00   1.9500000e+01
   2.2500000e+00   1.9500000e+01
   2.5000000e+00   1.9500000e+01
   2.7500000e+00   1.9500000e+01
   3.0000000e+00   1.9500000e+01
   3.2500000e+00   1.9500000e+01
   3.5000000e+00   1.9500000e+01
   3.7500000e+00   1.9500000e+01
   4.0000000e+00   1.9500000e+01
   4.2500000e+00   1.9500000e+01
   4.5000000e+00   1.9500000e+01
   4.7500000e+00   1.9500000e+01
   5.0000000e+00   1.9500000e+01
   0.0000000e+00   2.0000000e+01
   2.5000000e-01   2.0000000e+01
   5.0000000e-01   2.0000000e+01
   7.5000000e-01   2.0000000e+01
   1.0000000e+00   2.0000000e+01
   1.2500000e+00   2.0000000e+01
   1.5000000e+00   2.0000000e+01
   1.7500000e+00   2.0000000e+01
   2.0000000e+00   2.0000000e+01
   2.2500000e+00   2.0000000e+01
   2.5000000e+00   2.0000000e+01
   2.7500000e+00   2.0000000e+01
   3.0000000e+00   2.0000000e+01
   3.2500000e+00   2.0000000e+01
   3.5000000e+00   2.0000000e+01
   3.7500000e+00   2.0000000e+01
   4.0000000e+00   2.0000000e+01
   4.2500000e+00   2.0000000e+01
   4.5000000e+00   2.0000000e+01
   4.7500000e+00   2.0000000e+01
   5.0000000e+00   2.0000000e+01
